# development_test asset; fs=64000; cutoff=7500; taps=369; kaiser_beta=8.41; numpy=2.3.5
-1.054489399989622055e-06
1.121038671193839184e-06
3.489788141581227335e-06
4.507995894638865715e-06
3.001171189482096159e-06
-9.133807724475045906e-07
-5.503789189245766816e-06
-8.081423137331482747e-06
-6.464904629806252854e-06
-5.043680145285307762e-07
7.298351835331699116e-06
1.268487247288245626e-05
1.184131423181632894e-05
3.830012872765250081e-06
-8.198734051577750076e-06
-1.801736626676177981e-05
-1.940026200080960828e-05
-9.827833213753181955e-06
7.287299476911082923e-06
2.346585127560255345e-05
2.918289978290258051e-05
1.924089234744714717e-05
-3.430565200820785724e-06
-2.805322221502106993e-05
-4.089074763654277966e-05
-3.267260773855464593e-05
-4.654090817819448558e-06
3.041567087334122693e-05
5.377839078443233281e-05
5.044272225429950865e-05
1.828782129781101638e-05
-2.882141396165006816e-05
-6.656410832613194077e-05
-7.242725181313217086e-05
-3.867560116342765719e-05
2.124122181272448755e-05
7.737445303340134228e-05
9.789634732261283531e-05
6.671220844509665382e-05
-5.477995820981200830e-06
-8.373910088732489435e-05
-1.253677987853682614e-04
-1.027592511186726734e-04
-2.064202513708939747e-05
8.265087751288020682e-05
1.524966047205094375e-04
1.464092494929504289e-04
5.901978893463961424e-05
-7.070257752431773123e-05
-1.760221402130152601e-04
-1.962579392307355866e-04
-1.109858627615643888e-04
4.430702682087278083e-05
1.917935813385705963e-04
2.497099939395737433e-04
1.769720984731913650e-04
-2.981746095027180321e-18
-1.948911273136009201e-04
-3.028456746475615487e-04
-2.561766622031770536e-04
-6.518249728912822510e-05
1.798551422461807682e-04
3.503759792011816652e-04
3.462522933901802783e-04
1.532698406730308757e-04
-1.410277792999069170e-04
-3.857113227726073688e-04
-4.430515871205853548e-04
-2.648912391459600966e-04
7.300235399022536012e-05
4.011634763735600186e-04
5.404645633021157216e-04
3.988127251477873738e-04
2.883466778497345543e-05
-3.882925218221744347e-04
-6.303822959108016906e-04
-5.515163289228024570e-04
-1.676948799798498092e-04
3.384003230080728569e-04
7.028156475292714938e-04
7.168644127454011162e-04
3.447481478948579000e-04
-2.431601121716162842e-04
-7.461901886206047949e-04
-8.858921828372706003e-04
-5.584958969457013041e-04
9.535913885454557089e-05
7.478274892066417295e-04
1.046767710111723860e-03
8.042071093933187646e-04
1.102809884103729115e-04
-6.946097841548118336e-04
-1.184951226556180777e-03
-1.073468615546930216e-03
-3.762524231640300637e-04
5.738104623947942306e-04
1.283574211224103095e-03
1.353898951858846598e-03
7.014318500177534228e-04
-3.740580961360066826e-04
-1.324044381598037589e-03
-1.629068084971875031e-03
-1.080332205140651248e-03
8.638816924672714761e-05
1.286866043449541282e-03
1.878653605258624780e-03
1.502492855833274278e-03
2.946742603746690145e-04
-1.152647494329320449e-03
-2.078847844717272245e-03
-1.952059242704632129e-03
-7.700645566336901957e-04
9.032496987966942949e-04
2.203010326533393678e-03
2.407590198166615746e-03
1.335226071098124037e-03
-5.230147344099645140e-04
-2.222536731255373311e-03
-2.842111641753193151e-03
-1.979314658911941315e-03
1.639336507643493742e-17
2.107889849695187418e-03
3.223408604550259769e-03
2.684605770919551784e-03
6.728638185848144059e-04
-1.829710065435880039e-03
-3.514512513567913908e-03
-3.426126084664961064e-03
-1.496775495365212059e-03
1.359892025783884491e-03
3.674294909422111226e-03
4.171495386853427655e-03
2.466307496375789044e-03
-6.724774138328048221e-04
-3.658016595709424109e-03
-4.880910462530804912e-03
-3.568962446030103219e-03
-2.558361774426321021e-04
3.417589994284821967e-03
5.507120359672093221e-03
4.785096574597851038e-03
1.445849807260827114e-03
-2.901164420450005020e-03
-5.995108132323533068e-03
-6.088243771957232639e-03
-2.917106423874717049e-03
2.051376919426589271e-03
6.280954807343317250e-03
7.445848955640922001e-03
4.690943427237863513e-03
-8.010802441532451686e-04
-6.288890194733702359e-03
-8.820392449793042905e-03
-6.796722894345836805e-03
-9.357953251186977052e-04
5.924510347574764996e-03
1.017085991852985372e-02
9.284139899745637650e-03
3.283338888987342736e-03
-5.059671041578389997e-03
-1.145448715368837730e-02
-1.224847422363501727e-02
-6.445063498250654284e-03
3.497886296695844072e-03
1.262868766628803471e-02
1.588717897674161994e-02
1.080176306982427205e-02
-8.882485153389712684e-04
-1.365305532159129601e-02
-2.064546617480423479e-02
-1.717786137029665011e-02
-3.522565081390887157e-03
1.449132555118897749e-02
2.767642003046104707e-02
2.774670453189348809e-02
1.180293655441370070e-02
-1.511317782436406507e-02
-4.087251070644314088e-02
-5.055430880263824672e-02
-3.263334421139792857e-02
1.549576932559932133e-02
8.513308172065532642e-02
1.583137682562102688e-01
2.137376359025406625e-01
2.343735720059954009e-01
2.137376359025406625e-01
1.583137682562102688e-01
8.513308172065532642e-02
1.549576932559932133e-02
-3.263334421139792857e-02
-5.055430880263824672e-02
-4.087251070644314088e-02
-1.511317782436406507e-02
1.180293655441370070e-02
2.774670453189348809e-02
2.767642003046104707e-02
1.449132555118897749e-02
-3.522565081390887157e-03
-1.717786137029665011e-02
-2.064546617480423479e-02
-1.365305532159129601e-02
-8.882485153389712684e-04
1.080176306982427205e-02
1.588717897674161994e-02
1.262868766628803471e-02
3.497886296695844072e-03
-6.445063498250654284e-03
-1.224847422363501727e-02
-1.145448715368837730e-02
-5.059671041578389997e-03
3.283338888987342736e-03
9.284139899745637650e-03
1.017085991852985372e-02
5.924510347574764996e-03
-9.357953251186977052e-04
-6.796722894345836805e-03
-8.820392449793042905e-03
-6.288890194733702359e-03
-8.010802441532451686e-04
4.690943427237863513e-03
7.445848955640922001e-03
6.280954807343317250e-03
2.051376919426589271e-03
-2.917106423874717049e-03
-6.088243771957232639e-03
-5.995108132323533068e-03
-2.901164420450005020e-03
1.445849807260827114e-03
4.785096574597851038e-03
5.507120359672093221e-03
3.417589994284821967e-03
-2.558361774426321021e-04
-3.568962446030103219e-03
-4.880910462530804912e-03
-3.658016595709424109e-03
-6.724774138328048221e-04
2.466307496375789044e-03
4.171495386853427655e-03
3.674294909422111226e-03
1.359892025783884491e-03
-1.496775495365212059e-03
-3.426126084664961064e-03
-3.514512513567913908e-03
-1.829710065435880039e-03
6.728638185848144059e-04
2.684605770919551784e-03
3.223408604550259769e-03
2.107889849695187418e-03
1.639336507643493742e-17
-1.979314658911941315e-03
-2.842111641753193151e-03
-2.222536731255373311e-03
-5.230147344099645140e-04
1.335226071098124037e-03
2.407590198166615746e-03
2.203010326533393678e-03
9.032496987966942949e-04
-7.700645566336901957e-04
-1.952059242704632129e-03
-2.078847844717272245e-03
-1.152647494329320449e-03
2.946742603746690145e-04
1.502492855833274278e-03
1.878653605258624780e-03
1.286866043449541282e-03
8.638816924672714761e-05
-1.080332205140651248e-03
-1.629068084971875031e-03
-1.324044381598037589e-03
-3.740580961360066826e-04
7.014318500177534228e-04
1.353898951858846598e-03
1.283574211224103095e-03
5.738104623947942306e-04
-3.762524231640300637e-04
-1.073468615546930216e-03
-1.184951226556180777e-03
-6.946097841548118336e-04
1.102809884103729115e-04
8.042071093933187646e-04
1.046767710111723860e-03
7.478274892066417295e-04
9.535913885454557089e-05
-5.584958969457013041e-04
-8.858921828372706003e-04
-7.461901886206047949e-04
-2.431601121716162842e-04
3.447481478948579000e-04
7.168644127454011162e-04
7.028156475292714938e-04
3.384003230080728569e-04
-1.676948799798498092e-04
-5.515163289228024570e-04
-6.303822959108016906e-04
-3.882925218221744347e-04
2.883466778497345543e-05
3.988127251477873738e-04
5.404645633021157216e-04
4.011634763735600186e-04
7.300235399022536012e-05
-2.648912391459600966e-04
-4.430515871205853548e-04
-3.857113227726073688e-04
-1.410277792999069170e-04
1.532698406730308757e-04
3.462522933901802783e-04
3.503759792011816652e-04
1.798551422461807682e-04
-6.518249728912822510e-05
-2.561766622031770536e-04
-3.028456746475615487e-04
-1.948911273136009201e-04
-2.981746095027180321e-18
1.769720984731913650e-04
2.497099939395737433e-04
1.917935813385705963e-04
4.430702682087278083e-05
-1.109858627615643888e-04
-1.962579392307355866e-04
-1.760221402130152601e-04
-7.070257752431773123e-05
5.901978893463961424e-05
1.464092494929504289e-04
1.524966047205094375e-04
8.265087751288020682e-05
-2.064202513708939747e-05
-1.027592511186726734e-04
-1.253677987853682614e-04
-8.373910088732489435e-05
-5.477995820981200830e-06
6.671220844509665382e-05
9.789634732261283531e-05
7.737445303340134228e-05
2.124122181272448755e-05
-3.867560116342765719e-05
-7.242725181313217086e-05
-6.656410832613194077e-05
-2.882141396165006816e-05
1.828782129781101638e-05
5.044272225429950865e-05
5.377839078443233281e-05
3.041567087334122693e-05
-4.654090817819448558e-06
-3.267260773855464593e-05
-4.089074763654277966e-05
-2.805322221502106993e-05
-3.430565200820785724e-06
1.924089234744714717e-05
2.918289978290258051e-05
2.346585127560255345e-05
7.287299476911082923e-06
-9.827833213753181955e-06
-1.940026200080960828e-05
-1.801736626676177981e-05
-8.198734051577750076e-06
3.830012872765250081e-06
1.184131423181632894e-05
1.268487247288245626e-05
7.298351835331699116e-06
-5.043680145285307762e-07
-6.464904629806252854e-06
-8.081423137331482747e-06
-5.503789189245766816e-06
-9.133807724475045906e-07
3.001171189482096159e-06
4.507995894638865715e-06
3.489788141581227335e-06
1.121038671193839184e-06
-1.054489399989622055e-06
